0 -6.722254103695393
1 -4.579684488327247
2 22.439495619440848
3 73.60315864694489
4 181.2006142756884
5 354.55308960159084
6 612.4672552187757
7 972.1786392122037
8 1459.2640319687387
9 2082.034174055666
10 2863.0854026192715
11 3814.1303322345348
12 4971.461877931068
13 6339.603175309577
14 7930.5865540814775
15 9768.5100679991
16 11874.973983439186
17 14266.09783508767
18 16962.107951005102
19 19974.911571034147
20 23334.96882545202
21 27043.815924216684
22 31121.882969062484
23 35596.15966604764
24 40478.56514449466
25 45791.28962779617
26 51548.82051151068
27 57769.85655711744
28 64471.42805139344
29 71676.28134061402
30 79398.05122918868
31 87654.07932747625
32 96472.67189582624
33 105852.25461378395
34 115830.08144153078
35 126408.91607337738
36 137616.17862708744
37 149474.97981729085
38 161985.03884747397
39 175181.3857124317
40 189068.9365404284
41 203682.2164982504
42 219025.3699875885
43 235116.9555196326
44 251982.67563944816
45 269627.1309245644
46 288093.03318852006
47 307375.6250200786
48 327495.34031133057
49 348479.0203900499
50 370337.9721989405
51 393098.3132078799
52 416774.8370787466
53 441373.864734843
54 466927.6521367592
55 493454.0990963049
56 520962.26018654753
57 549468.7941243273
58 579009.8498518104
59 609577.4195982168
60 641207.9871084882
61 673914.9311255373
62 707718.5400562269
63 742631.8146242002
64 778674.6450115016
65 815874.6814171022
66 854224.9153283961
67 893771.3134953213
68 934514.6915725237
69 976480.1094063862
70 1019683.0641128786
71 1064134.2472268066
72 1109869.429036152
73 1156896.2097716893
74 1205228.033862187
75 1254895.8171624488
76 1305900.2592555862
77 1358270.8781016807
78 1412025.2238923344
79 1467180.00061262
80 1523749.7090385498
81 1581759.8668123654
82 1641220.2616942727
83 1702154.1859366794
84 1764582.234614592
85 1828514.7951810826
86 1893968.1390433214
87 1960974.9657254622
88 2029531.9328548147
89 2099683.067867486
90 2171422.4483975507
91 2244780.7667776225
92 2319769.585286139
93 2396417.4270311706
94 2474729.4463188536
95 2554733.0521951052
96 2636435.5738502094
97 2719875.3335409006
98 2805046.108616477
99 2891976.26686768
100 2980690.0438237814
101 3071195.74309368
102 3163525.8315595123
103 3257674.0936011374
104 3353678.578019544
105 3451553.255754739
106 3551309.9921582695
107 3652966.035010752
108 3756554.565244415
109 3862080.3523028335
110 3969565.548349787
111 4079018.535350385
112 4190475.001509967
113 4303937.022350056
114 4419425.801334474
115 4536968.96769893
116 4656574.18520793
117 4778267.546016804
118 4902065.467207076
119 5027980.4661731105
120 5156031.62715003
121 5286242.542465798
122 5418620.145434449
123 5553190.82959921
124 5689974.041964619
125 5828992.627174524
126 5970249.982343215
127 6113771.65197048
128 6259575.708104367
129 6407683.046606578
130 6558096.140604273
131 6710859.991488539
132 6865975.767469607
133 7023450.615228377
134 7183327.217400199
135 7345611.801927935
136 7510320.232331487
137 7677470.338161514
138 7847083.477056331
139 8019182.966332165
140 8193769.282315708
141 8370882.924553934
142 8550520.308716377
143 8732719.515705915
144 8917479.362988265
145 9104827.32407007
146 9294784.358235128
147 9487375.83959962
148 9682599.042896282
149 9880479.044057915
150 10081038.217479795
151 10284297.703493934
152 10490269.05212701
153 10698970.145610722
154 10910426.402918791
155 11124648.16890929
156 11341655.887310352
157 11561470.087898716
158 11784109.628850508
159 12009582.67462474
160 12237911.349900335
161 12469121.178801276
162 12703219.966683438
163 12940238.929001164
164 13180181.331505269
165 13423075.742211169
166 13668933.342139086
167 13917771.270951573
168 14169618.594162395
169 14424481.251191767
170 14682377.820038788
171 14943341.178253612
172 15207366.542538572
173 15474494.398037601
174 15744729.787158586
175 16018089.850132843
176 16294602.875176856
177 16574275.833790824
178 16857120.51153085
179 17143181.131626096
180 17432448.76188897
181 17724963.520879608
182 18020722.65339973
183 18319756.617664743
184 18622082.96288632
185 18927709.701256964
186 19236671.277603228
187 19548970.057347924
188 19864630.020091727
189 20183678.73939337
190 20506124.713771433
191 20831975.367184963
192 21161271.794715952
193 21494019.32017848
194 21830230.92113911
195 22169934.038799215
196 22513135.232756246
197 22859875.610316668
198 23210141.86948743
199 23563980.827142164
200 23921391.938406236
201 24282399.156803343
202 24647022.081011914
203 25015276.984084956
204 25387180.461659264
205 25762754.773620076
206 26142009.067053244
207 26524974.63075455
208 26911657.468790904
209 27302082.919248138
210 27696265.37017056
211 28094219.670420256
212 28495969.38167489
213 28901537.48089407
214 29310930.61466754
215 29724171.391206015
216 30141281.475994114
217 30562274.05953333
218 30987166.043315712
219 31415980.144019343
220 31848733.658321206
221 32285439.5079242
222 32726118.039607696
223 33170798.14475554
224 33619482.166477665
225 34072189.38716306
226 34528952.50122858
227 34989767.14519012
228 35454672.68184782
229 35923683.31971364
230 36396800.521317944
231 36874058.292126276
232 37355471.52622453
233 37841051.24357665
234 38330831.88012714
235 38824813.082958065
236 39323016.35892204
237 39825472.24309251
238 40332186.449794024
239 40843182.84631337
240 41358474.217136085
241 41878075.18025813
242 42402017.164671175
243 42930312.838489525
244 43462980.47683576
245 44000031.97993794
246 44541484.69917807
247 45087374.48240863
248 45637690.665638626
249 46192479.70031006
250 46751739.974287234
251 47315497.28208212
252 47883774.93667194
253 48456579.25863405
254 49033929.99391136
255 49615848.725728236
256 50202355.94103362
257 50793475.10259147
258 51389207.27548575
259 51989575.92812445
260 52594609.81238203
261 53204321.81032439
262 53818724.78776282
263 54437835.88397685
264 55061683.34247601
265 55690273.90846899
266 56323631.12399161
267 56961770.10812784
268 57604719.136677206
269 58252475.197193205
270 58905083.231725276
271 59562539.57371448
272 60224866.81507939
273 60892090.47005155
274 61564233.5768676
275 62241292.07126364
276 62923297.20267128
277 63610275.30857398
278 64302229.4096364
279 64999181.50267928
280 65701151.914610036
281 66408162.912736714
282 67120216.36854766
283 67837359.49045219
284 68559582.96151605
285 69286911.46008219
286 70019366.33871934
287 70756970.36518984
288 71499732.07279927
289 72247681.38572732
290 73000821.15546575
291 73759177.99142458
292 74522772.70375368
293 75291615.78506705
294 76065728.46981922
295 76845128.36317272
296 77629841.18540527
297 78419871.24697827
298 79215247.09893969
299 80015979.42965236
300 80822095.43405335
301 81633601.18706897
302 82450524.92860764
303 83272879.19665179
304 84100678.61967461
305 84933955.30776817
306 85772713.54504769
307 86616968.44907273
308 87466754.71618877
309 88322077.87569986
310 89182962.61454561
311 90049420.93292977
312 90921471.93840139
313 91799138.917036
314 92682430.08468539
315 93571371.93415707
316 94465978.76947734
317 95366273.63727503
318 96272264.4003761
319 97183976.14238587
320 98101429.54013894
321 99024636.29262169
322 99953617.10859028
323 100888392.26771125
324 101828983.65331812
325 102775394.95935202
326 103727647.59660831
327 104685766.78611106
328 105649779.96487331
329 106619677.5727395
330 107595499.19688801
331 108577258.86789207
332 109564973.85892156
333 110558650.48878995
334 111558330.51058373
335 112564008.48456936
336 113575716.19912226
337 114593466.7500549
338 115617286.23914212
339 116647179.55255044
340 117683167.28073986
341 118725274.98730989
342 119773521.11035763
343 120827912.96486169
344 121888478.99335545
345 122955231.86453457
346 124028190.79803595
347 125107366.02578032
348 126192795.0293814
349 127284480.66806982
350 128382445.77067497
351 129486703.56445542
352 130597269.74458273
353 131714176.47180264
354 132837429.39780779
355 133967050.68418284
356 135103055.07677674
357 136245472.9942654
358 137394306.17429313
359 138549580.26080465
360 139711312.8693951
361 140879518.61000052
362 142054223.17441338
363 143235430.97650492
364 144423178.613848
365 145617471.04039505
366 146818326.9939103
367 148025768.62815914
368 149239819.43663743
369 150460476.75954142
370 151687781.52842507
371 152921742.67494112
372 154162371.6122557
373 155409695.8173097
374 156663728.80921197
375 157924487.7085339
376 159191996.34753117
377 160466274.25820294
378 161747326.53486603
379 163035178.01719865
380 164329849.30003747
381 165631361.57530367
382 166939717.16098833
383 168254959.39877692
384 169577077.40346053
385 170906115.61523855
386 172242064.84330186
387 173584973.42350227
388 174934836.81458506
389 176291677.00298786
390 177655525.96788174
391 179026376.4233861
392 180404267.96749783
393 181789214.99921498
394 183181225.56095344
395 184580328.07701427
396 185986539.6263437
397 187399866.87066826
398 188820346.41908556
399 190247980.27100396
400 191682789.49356547
401 193124794.3258962
402 194574024.63938046
403 196030473.15128797
404 197494180.40632418
405 198965155.99315068
406 200443405.3039075
407 201928975.88943642
408 203421852.7181675
409 204922078.18502685
410 206429662.42865232
411 207944623.39047572
412 209466969.87720382
413 210996731.4481698
414 212533927.27815208
415 214078567.52649826
416 215630677.98595524
417 217190267.91239053
418 218757367.75578597
419 220331975.9332574
420 221914130.3877689
421 223503836.41212282
422 225101122.33804405
423 226705998.20160043
424 228318475.06482777
425 229938588.47758326
426 231566345.50185078
427 233201768.26909077
428 234844870.3682355
429 236495680.7093785
430 238154204.4479424
431 239820457.62304765
432 241494466.6469302
433 243176250.36940658
434 244865830.50245395
435 246563211.53875965
436 248268423.68967807
437 249981470.27230728
438 251702389.741119
439 253431181.69837174
440 255167868.1017589
441 256912483.23270872
442 258665017.61742902
443 260425519.57438847
444 262193980.1867845
445 263970430.9180378
446 265754893.83490893
447 267547374.08991528
448 269347893.5906066
449 271156474.0206434
450 272973144.6240487
451 274797903.5870468
452 276630767.8579624
453 278471774.412577
454 280320925.0855741
455 282178254.167651
456 284043762.60088444
457 285917469.8225746
458 287799406.1555909
459 289689583.5885582
460 291588009.54078376
461 293494715.1981641
462 295409718.71826035
463 297333036.06974286
464 299264679.8787449
465 301204671.5138428
466 303153025.4546269
467 305109774.01730543
468 307074910.06346035
469 309048480.89597034
470 311030484.9743474
471 313020942.53641015
472 315019867.51616496
473 317027298.2075782
474 319043230.89582086
475 321067695.73585117
476 323100700.05319667
477 325142274.3118081
478 327192422.36337316
479 329251176.0482109
480 331318551.7399115
481 333394561.65997696
482 335479223.36151177
483 337572553.962357
484 339674576.36147
485 341785310.1838721
486 343904768.2013041
487 346032975.9296952
488 348169934.03074807
489 350315675.89291734
490 352470218.0378594
491 354633581.88038915
492 356805768.44827896
493 358986816.8062743
494 361176730.5913521
495 363375534.8866703
496 365583234.1434523
497 367799869.42603964
498 370025444.9085753
499 372259974.6995912
500 374503495.9425104
501 376755999.01651424
502 379017524.4102056
503 381288073.9482975
504 383567680.14793706
505 385856346.75752354
506 388154105.1802228
507 390460970.9345305
508 392776958.7697235
509 395102079.43528956
510 397436356.2074365
511 399779821.34376854
512 402132472.53309387
513 404494330.60278845
514 406865428.3440354
515 409245767.3724061
516 411635376.4740759
517 414034274.9064403
518 416442464.879427
519 418859974.9916288
520 421286833.2892475
521 423723042.4935243
522 426168618.5140507
523 428623599.88418865
524 431087975.81692344
525 433561788.79270756
526 436045052.3530769
527 438537766.64853954
528 441039976.1416069
529 443551674.6967265
530 446072901.03276277
531 448603663.95094365
532 451143972.8639812
533 453693857.4664401
534 456253324.2937888
535 458822415.28570247
536 461401123.6458094
537 463989475.2684643
538 466587486.9196558
539 469195175.95956373
540 471812574.11743796
541 474439675.0420502
542 477076521.05285835
543 479723110.07072175
544 482379474.4464158
545 485045631.6854829
546 487721592.20755434
547 490407368.43505454
548 493102996.53299177
549 495808477.8220142
550 498523842.9938122
551 501249101.17726195
552 503984273.7006997
553 506729377.3885703
554 509484429.07413954
555 512249448.5876592
556 515024456.3797978
557 517809473.4727181
558 520604508.81089944
559 523409579.88458526
560 526224712.839289
561 529049923.8494262
562 531885225.80892396
563 534730638.670862
564 537586182.3450203
565 540451871.6379025
566 543327730.1595027
567 546213766.874386
568 549110011.7807533
569 552016480.8338137
570 554933177.5677752
571 557860141.4703634
572 560797370.7136645
573 563744894.2059369
574 566702727.3173254
575 569670891.0657271
576 572649397.3538218
577 575638275.2533754
578 578637523.3156929
579 581647179.0989394
580 584667247.0173216
581 587697757.8865254
582 590738716.2690744
583 593790156.5123357
584 596852083.2463204
585 599924507.0507989
586 603007468.0850184
587 606100966.96939
588 609205037.9328088
589 612319676.8642397
590 615444921.3693259
591 618580782.8048383
592 621727274.8521973
593 624884419.6988736
594 628052233.9260277
595 631230729.500275
596 634419942.1397395
597 637619870.1959685
598 640830545.485075
599 644051981.7180037
600 647284186.5482078
601 650527199.1092087
602 653781021.8006015
603 657045677.6387055
604 660321179.6322469
605 663607553.6710422
606 666904809.4877123
607 670212975.344569
608 673532058.2667186
609 676862074.2008182
610 680203064.7865512
611 683555020.3792901
612 686917967.2114682
613 690291936.791143
614 693676930.0529853
615 697072966.2745639
616 700480080.9810426
617 703898270.1997021
618 707327568.9297575
619 710767983.7328849
620 714219534.6086545
621 717682240.9446718
622 721156125.7625536
623 724641193.0831052
624 728137477.7418878
625 731644987.2753836
626 735163751.4538811
627 738693771.3839376
628 742235075.7521148
629 745787677.7129592
630 749351602.801323
631 752926861.171153
632 756513475.4924432
633 760111455.6766583
634 763720831.0649555
635 767341609.2500724
636 770973823.4440464
637 774617470.290163
638 778272586.9633175
639 781939182.3944854
640 785617268.1927923
641 789306880.6121286
642 793008016.7011446
643 796720716.3558083
644 800444983.9545091
645 804180834.8479512
646 807928292.1670111
647 811687374.9064856
648 815458096.0604713
649 819240479.7108608
650 823034543.3816855
651 826840303.5721645
652 830657773.6768208
653 834486970.1233193
654 838327924.4930634
655 842180653.4645618
656 846045158.6919637
657 849921473.7288028
658 853809605.3240331
659 857709583.4318653
660 861621406.9124223
661 865545121.3691661
662 869480717.093698
663 873428231.5461093
664 877387676.7550192
665 881359066.8886034
666 885342430.5753101
667 889337770.3813668
668 893345110.1130675
669 897364474.5645926
670 901395880.2465194
671 905439334.8618679
672 909494870.205272
673 913562493.893356
674 917642228.947617
675 921734088.4937148
676 925838103.2943649
677 929954270.5311759
678 934082625.1381515
679 938223174.2803614
680 942375953.0550641
681 946540962.3459343
682 950718224.5907356
683 954907756.4408473
684 959109577.3917964
685 963323714.2525612
686 967550172.4282467
687 971788971.4747487
688 976040135.7853048
689 980303677.9834994
690 984579624.2029396
691 988867983.4831246
692 993168768.9790639
693 997482014.4202884
694 1001807729.2794129
695 1006145931.1949656
696 1010496643.1543868
697 1014859871.8071183
698 1019235643.470305
699 1023623974.3088292
700 1028024886.4733734
701 1032438396.609762
702 1036864523.012934
703 1041303272.5503529
704 1045754677.6160799
705 1050218752.383693
706 1054695511.167015
707 1059184967.3082387
708 1063687150.8747127
709 1068202083.6131268
710 1072729757.1330854
711 1077270222.7268896
712 1081823472.2873085
713 1086389538.2725651
714 1090968424.2094367
715 1095560169.2335374
716 1100164780.4326706
717 1104782268.9437463
718 1109412662.487337
719 1114055974.3094914
720 1118712229.5995815
721 1123381438.4340355
722 1128063621.32215
723 1132758796.9268768
724 1137466981.0132296
725 1142188192.0330486
726 1146922446.876548
727 1151669773.6767817
728 1156430174.0314546
729 1161203683.1098146
730 1165990305.0369751
731 1170790058.3357942
732 1175602968.6262796
733 1180429054.588812
734 1185268333.446088
735 1190120811.3781943
736 1194986520.1320527
737 1199865468.834312
738 1204757685.8143752
739 1209663176.6885755
740 1214581972.3104458
741 1219514081.5262487
742 1224459519.963253
743 1229418313.1743624
744 1234390474.6988719
745 1239376035.5627718
746 1244374988.667365
747 1249387366.6611607
748 1254413196.873751
749 1259452477.2559175
750 1264505242.6076639
751 1269571498.2106304
752 1274651266.5517082
753 1279744575.2636592
754 1284851431.0052068
755 1289971854.4393642
756 1295105854.4024496
757 1300253468.556524
758 1305414702.1846168
759 1310589583.189274
760 1315778107.520481
761 1320980321.593071
762 1326196218.926829
763 1331425837.2783973
764 1336669175.5816123
765 1341926267.5233054
766 1347197131.452371
767 1352481768.287132
768 1357780218.4702742
769 1363092481.5036385
770 1368418576.3780844
771 1373758537.2968285
772 1379112372.984496
773 1384480094.0005841
774 1389861731.947525
775 1395257289.9056232
776 1400666799.0708907
777 1406090268.6843524
778 1411527720.6904275
779 1416979181.6361072
780 1422444653.9675658
781 1427924163.8389602
782 1433417719.8163254
783 1438925353.2997432
784 1444447077.971348
785 1449982910.849228
786 1455532872.0101256
787 1461096967.0815322
788 1466675231.091522
789 1472267677.546754
790 1477874318.2449129
791 1483495175.181449
792 1489130269.729314
793 1494779610.4978414
794 1500443230.8719273
795 1506121131.0453196
796 1511813343.7043421
797 1517519868.4277492
798 1523240741.9805098
799 1528975976.8540387
800 1534725590.2078636
801 1540489600.0790422
802 1546268023.5917108
803 1552060879.8605614
804 1557868176.719743
805 1563689949.0181653
806 1569526204.024397
807 1575376974.7945008
808 1581242254.496283
809 1587122076.7969534
810 1593016456.1098351
811 1598925417.428939
812 1604848975.0527549
813 1610787137.7785907
814 1616739933.1949062
815 1622707366.6084933
816 1628689482.565755
817 1634686266.5290608
818 1640697761.8801186
819 1646723979.2274687
820 1652764929.9373264
821 1658820638.6480525
822 1664891121.3912866
823 1670976397.5989394
824 1677076483.57926
825 1683191390.5162868
826 1689321146.1486225
827 1695465771.6504147
828 1701625270.2137673
829 1707799674.8441784
830 1713988996.215124
831 1720193254.2880244
832 1726412466.761047
833 1732646659.5584943
834 1738895830.789622
835 1745160010.6906488
836 1751439220.6430328
837 1757733473.3490472
838 1764042786.7078388
839 1770367182.6265872
840 1776706675.5081751
841 1783061283.675187
842 1789431019.5197728
843 1795815917.951599
844 1802215981.611229
845 1808631227.640321
846 1815061686.3941927
847 1821507370.8145592
848 1827968292.6095428
849 1834444483.722851
850 1840935937.617314
851 1847442699.1600428
852 1853964773.1414647
853 1860502175.1603575
854 1867054929.1159344
855 1873623046.0203736
856 1880206563.8107839
857 1886805466.8893301
858 1893419802.8455908
859 1900049575.3275309
860 1906694807.9332886
861 1913355518.0041823
862 1920031721.1134946
863 1926723430.191204
864 1933430680.580057
865 1940153473.8354166
866 1946891830.4477248
867 1953645773.2109053
868 1960415319.7417674
869 1967200483.13253
870 1974001283.9550893
871 1980817734.0550816
872 1987649869.818538
873 1994497690.1274652
874 2001361231.4802446
875 2008240488.8549225
876 2015135498.9018664
877 2022046271.487583
878 2028972824.0534604
879 2035915183.540809
880 2042873353.1181426
881 2049847355.674912
882 2056837219.9043343
883 2063842958.6771407
884 2070864576.5522132
885 2077902114.2473857
886 2084955569.5093658
887 2092024970.7594116
888 2099110337.8527825
889 2106211681.3880353
890 2113329020.5918455
891 2120462383.501414
892 2127611768.5432792
893 2134777219.5349205
894 2141958728.9748726
895 2149156326.0894575
896 2156370040.811006
897 2163599872.749099
898 2170845848.5798717
899 2178107982.2125225
900 2185386295.938112
901 2192680803.580336
902 2199991517.969059
903 2207318470.09168
904 2214661682.479243
905 2222021154.229707
906 2229396909.6329684
907 2236788970.783162
908 2244197356.0494604
909 2251622082.912161
910 2259063161.59701
911 2266520621.8790746
912 2273994474.187584
913 2281484738.166273
914 2288991431.376374
915 2296514573.1020103
916 2304054177.0638275
917 2311610268.120282
918 2319182863.9627423
919 2326771976.4355006
920 2334377632.25612
921 2341999840.5168524
922 2349638625.565105
923 2357293993.2653875
924 2364965983.2685018
925 2372654586.7018023
926 2380359853.2303596
927 2388081775.913741
928 2395820378.3475714
929 2403575675.093875
930 2411347697.4834504
931 2419136463.4616647
932 2426941970.2113304
933 2434764251.5847783
934 2442603327.041039
935 2450459214.5584373
936 2458331916.530599
937 2466221467.022094
938 2474127883.880832
939 2482051175.471431
940 2489991373.322375
941 2497948474.345286
942 2505922523.1327868
943 2513913517.3922505
944 2521921475.163141
945 2529946434.5064564
946 2537988392.329743
947 2546047370.5312905
948 2554123397.876065
949 2562216474.93006
950 2570326638.0642285
951 2578453903.501539
952 2586598269.19008
953 2594759778.473855
954 2602938431.5526986
955 2611134255.108543
956 2619347254.07529
957 2627577473.33232
958 2635824905.98714
959 2644089577.390477
960 2652371513.6735525
961 2660670717.116874
962 2668987220.343251
963 2677321035.2228727
964 2685672181.0159993
965 2694040674.2359843
966 2702426528.2245693
967 2710829767.132901
968 2719250410.884949
969 2727688479.186207
970 2736143983.958459
971 2744616937.7664914
972 2753107373.355191
973 2761615294.9358892
974 2770140733.688706
975 2778683689.188855
976 2787244202.7998853
977 2795822268.073824
978 2804417926.289555
979 2813031176.539154
980 2821662052.610185
981 2830310554.6621337
982 2838976717.1714153
983 2847660556.9104176
984 2856362075.9253783
985 2865081308.9738736
986 2873818271.178824
987 2882572970.7712407
988 2891345439.435319
989 2900135683.2047296
990 2908943723.9581537
991 2917769578.1084223
992 2926613271.7893987
993 2935474811.0011287
994 2944354232.382545
995 2953251534.7040896
996 2962166739.469449
997 2971099868.5259724
998 2980050941.2721806
999 2989019974.1440616
